n= 200
normal: 0.08299700
block 25: 0.12506700

n= 500
normal: 1.41556400
block 100: 1.77032400

n= 590
normal: 2.70618800
block 200: 2.97561700
